94040	2017	1001	0	2011	0	3001	0	1161	0	5161	0	5162	0	9213	0	9301	0	9391	0	9381	0
1	1	933	11	265	11	837	11	989	11	-5849	11	8629	11	0.1	11	-0.3	11	2.5	11	-2.2	11
2	1	1589	11	1863	11	996	11	2085	11	-5758	11	24809	11	0.7	11	0.1	11	3.5	11	-3.3	11
3	1	421	11	0	11	418	11	443	11	-5739	11	0	11	0.2	11	-0.4	11	2.1	11	-1.4	11
4	1	1998	11	4200	11	476	11	2922	11	-5779	11	0	11	0.2	11	0.0	11	2.9	11	-4.9	11
5	1	2419	13	6640	23	244	23	4038	23	-5693	11	196	11	1.6	11	-4.0	11	0.5	11	-9.2	11
6	1	1829	11	3013	11	857	11	2737	11	-5774	11	538	11	0.5	11	-4.2	11	2.4	11	-9.6	11
7	1	1403	11	1286	11	863	11	1805	11	-5856	11	20586	11	3.0	11	5.0	11	10.2	11	1.3	11
8	1	497	11	67	11	470	11	513	11	-5911	11	3974	11	1.5	11	9.0	11	11.7	11	4.1	11
9	1	1022	11	101	11	974	11	1077	11	-5875	11	12272	11	0.5	11	2.9	11	6.6	11	0	11
10	1	437	11	4	11	427	11	432	11	-5811	11	2039	11	0.6	11	3.7	11	7.5	11	0.1	11
11	1	1417	11	625	11	1201	11	1635	11	-5815	11	19697	11	0.1	11	3.4	11	6.5	11	-0.4	11
12	1	2416	11	5798	11	314	11	3910	11	-5865	11	49582	11	0.2	11	0.8	11	5	11	-3	11
13	1	2128	11	3368	11	756	11	3090	11	-5851	11	40466	11	0.2	11	-0.7	11	3	11	-3.5	11
14	1	2443	11	5454	11	444	11	3869	11	-5754	11	49268	11	0.3	11	0.3	11	10	11	-3.8	11
15	1	2571	11	6551	13	297	11	4122	11	-5818	11	51303	11	0.1	11	0.6	11	7.2	11	-3.3	11
16	1	2217	11	3938	11	743	11	3279	11	-5912	11	40858	11	0.2	11	1.8	11	10.5	11	-2.4	11
17	1	1041	11	191	11	959	11	1162	11	-5822	11	13475	11	2.0	11	6.2	11	13.1	11	-1.7	11
18	1	503	11	0	11	495	11	489	11	-5818	11	3617	11	3.1	11	6.5	11	10	11	4.4	11
19	1	2378	11	4297	11	713	11	3552	11	-5818	11	43885	11	0.9	11	5.7	11	11.4	11	2.1	11
20	1	1614	11	844	11	1288	11	1972	11	-5858	11	24227	11	1.8	11	6.4	11	9.7	11	4.3	11
21	1	1690	11	1573	11	1139	11	2154	11	-5831	11	26013	11	1.8	11	6.6	11	9	11	4	11
22	1	2017	11	2702	11	1024	11	2748	11	-5812	11	34534	11	1.6	11	5.2	11	8.4	11	0.6	11
23	1	2431	11	4339	11	942	11	3521	11	-5793	11	44581	11	0.7	11	2.1	11	7.8	11	-2.5	11
24	1	2848	23	7227	23	254	11	4490	13	-5757	11	56275	11	0.2	11	0.5	11	7	11	-4.7	11
25	1	962	11	5	11	956	11	953	11	-5854	11	9615	11	0.1	11	1.4	11	4.5	11	-1.6	11
26	1	2562	11	5005	11	542	11	3874	11	-5903	11	48827	11	0.2	11	2.5	11	8.3	11	-1.5	11
27	1	2853	11	5922	11	620	11	4331	11	-5874	11	54746	11	0.8	11	3.5	11	12.2	11	-2.3	11
28	1	2300	11	1782	11	1660	11	2893	11	-5840	11	36398	11	0.2	11	2.7	11	9.4	11	-2.3	11
29	1	2354	11	2028	11	1467	11	3037	11	-5836	11	39524	11	0.2	11	2.6	11	9.5	11	-2.3	11
30	1	3066	11	7351	11	295	11	4702	11	-5830	11	57767	11	0.2	11	2.5	11	11	11	-3.8	11
31	1	1896	11	512	11	1647	11	2163	11	-5902	11	27059	11	0.3	11	4.9	11	11	11	0	11
32	2	1198	11	119	11	1143	11	1251	11	-5886	11	13491	11	0.9	11	7.0	11	13.0	11	0.7	11
33	2	2178	11	2057	11	1327	11	2838	11	-5896	11	35279	11	3.1	11	11.1	11	14.3	11	8.4	11
34	2	1907	11	1615	11	1151	11	2449	11	4781	11	30644	11	1.3	11	10.1	11	14.6	11	7.0	11
35	2	1995	11	950	11	1517	11	2410	11	6191	11	29732	11	1.3	11	9.7	11	14.1	11	6.2	11
36	2	2814	11	4532	11	874	11	4006	11	14584	11	50030	11	2.6	11	10.3	11	14.4	11	7.2	11
37	2	1715	11	476	11	1588	11	1783	11	2715	11	21312	11	0.3	11	5.6	11	8.1	11	3.3	11
38	2	1879	11	1458	11	1272	11	2307	11	5659	11	26673	11	0.5	11	6.3	11	14.5	11	1.8	11
39	2	1577	11	159	11	1490	11	1695	11	2673	11	20794	11	2.0	11	11.2	11	14.6	11	4.0	11
40	2	888	11	10	11	875	11	874	11	-2130	11	8625	11	1.1	11	11.2	11	15.1	11	5.0	11
41	2	1748	11	269	11	1625	11	1860	11	3557	11	22658	11	0.3	11	4.8	11	8.5	11	1.0	11
42	2	3459	11	6579	11	519	11	4975	11	20581	11	62841	11	0.3	11	3.0	11	8.5	11	-0.4	11
43	2	3291	11	4411	11	1248	11	4407	11	17424	11	57175	11	0.3	11	3.9	11	11.4	11	-2.1	11
44	2	2466	11	1674	11	1809	11	2918	11	8905	11	33982	11	0.4	11	7.1	11	15.1	11	2.8	11
45	2	3408	11	4592	11	1400	11	4544	11	16941	11	56836	11	1.6	11	10.6	11	18.7	11	0.1	11
46	2	1801	11	844	11	1348	11	2043	11	4160	11	24441	11	3.6	11	14.7	11	17.0	11	9.4	11
47	2	3219	11	3954	11	1383	11	4168	11	15843	11	51276	11	1.3	11	9.0	11	14.5	11	4.7	11
48	2	885	11	0	11	881	11	862	11	-2332	11	8199	11	0.1	11	5.3	11	8.6	11	3.2	11
49	2	1681	11	350	11	1469	11	1832	11	3232	11	22077	11	0.1	11	6.6	11	10.1	11	3.9	11
50	2	2411	11	911	11	1985	11	2736	11	8463	11	34905	11	0.7	11	6.2	11	9.6	11	1.4	11
51	2	3491	11	5895	11	757	11	4745	11	17823	11	58954	11	1.3	11	10.0	11	17.2	11	5.3	11
52	2	2397	11	1412	11	1761	11	2720	11	7896	11	31590	11	0.8	11	7.1	11	13.0	11	2.8	11
53	2	1556	11	1061	11	1066	11	1735	11	-871	11	10068	11	0.1	11	1.7	11	4.4	11	-0.2	11
54	2	3692	11	4438	11	1471	11	4409	11	8061	11	29871	11	0.2	11	1.2	11	6.6	11	-1.6	11
55	2	2858	11	3683	11	1417	11	3566	11	11780	11	44743	11	0.4	11	1.7	11	6.3	11	-3.3	11
56	2	4260	11	7838	11	516	11	5788	11	24160	11	72144	11	0.4	11	2.2	11	8.2	11	-2.7	11
57	2	1707	11	528	11	1466	11	1845	11	3269	11	21162	11	0.3	11	0.9	11	7.4	11	-3.7	11
58	2	2213	11	811	11	1821	11	2412	11	6176	11	29975	11	0.2	11	2.3	11	6.6	11	-0.3	11
59	2	2436	11	1064	11	1936	11	2666	11	7841	11	31530	11	0.2	11	4.3	11	9.2	11	1.1	11
60	3	4500	11	8429	11	541	11	5941	11	25136	11	73015	11	0.3	11	3.6	11	11.1	11	-2.7	11
61	3	4220	11	5653	11	1457	11	5369	11	21646	11	66784	11	0.3	11	5.0	11	13.8	11	-2.6	11
62	3	1755	11	247	11	1611	11	1833	11	3344	11	21375	11	0.2	11	4.3	11	9.1	11	0.0	11
63	3	2395	11	752	11	1957	11	2643	11	7895	11	32770	11	0.5	11	5.4	11	11.9	11	0.4	11
64	3	3969	11	3244	11	2424	11	4492	11	17068	11	51695	11	0.6	11	1.7	11	6.1	11	-2.4	11
65	3	1419	11	29	11	1392	11	1313	11	-107	11	13548	11	0.1	11	2.4	11	5.3	11	-0.9	11
66	3	1413	11	49	11	1378	11	1443	11	1112	11	16369	11	0.2	11	5.6	11	11.1	11	1.9	11
67	3	2010	11	120	11	1923	11	2068	11	4583	11	25613	11	0.1	11	8.1	11	13.4	11	4.5	11
68	3	1491	11	38	11	1462	11	1462	11	995	11	16251	11	0.1	11	10.2	11	13.7	11	8.1	11
69	3	4686	11	7255	11	753	11	5928	11	24401	11	69309	11	0.3	11	11.7	11	18.2	11	5.5	11
70	3	2975	11	1533	11	2088	11	3334	11	10668	11	40266	11	0.3	11	9.2	11	16.4	11	3.6	11
71	3	5052	11	8245	11	861	11	6372	11	26396	11	74973	11	0.5	11	10.8	11	19.1	11	4.4	11
72	3	3814	11	3283	11	2370	11	4381	11	15828	11	53686	11	0.3	11	10.7	11	19.0	11	2.9	11
73	3	3718	11	2121	11	2571	11	4172	11	15220	11	51843	11	0.4	11	12.3	11	18.9	11	6.0	11
74	3	1738	11	97	11	1663	11	1791	11	2824	11	0	11	0.4	11	11.8	11	16.0	11	9.8	11
75	3	2908	11	695	11	2501	11	3181	11	10333	11	0	11	0.5	11	10.1	11	14.6	11	6.5	11
76	3	2493	11	834	11	1905	11	2735	11	7596	11	0	11	0.6	11	9.1	11	14.5	11	2.9	11
77	3	2583	11	377	11	2337	11	2712	11	7975	11	0	11	1.1	11	13.2	11	17.6	11	9.3	11
78	3	2634	11	470	11	2325	11	2782	11	8325	11	0	11	0.2	11	11.3	11	15.5	11	8.2	11
79	3	2207	11	359	11	2047	11	2253	11	5099	11	0	11	1.8	11	13.0	11	18.4	11	9.7	11
80	3	4475	11	4283	11	1738	11	5282	11	20552	11	0	11	1.4	11	12.1	11	19.6	11	6.8	11
81	3	3231	11	1510	11	2267	11	3575	11	12646	11	0	11	0.5	11	8.1	11	12.6	11	5.5	11
82	3	4545	11	4791	11	1842	11	5404	11	21684	11	0	11	1.3	11	9.1	11	16.5	11	0.9	11
83	3	2704	11	847	11	2104	11	2915	11	9186	11	34921	11	1.9	11	8.2	11	11.6	11	3.9	11
84	3	3532	11	1999	11	2653	11	3886	11	13695	11	46367	11	0.5	11	7.4	11	13.5	11	1.4	11
85	3	2384	11	190	11	2250	11	2423	11	6563	11	30622	11	1.1	11	7.5	11	11.7	11	3.4	11
86	3	3825	11	2400	11	2182	11	4321	11	16719	11	54402	11	0.4	11	7.4	11	12.6	11	3.3	11
87	3	4411	11	3107	11	2845	11	4888	11	18912	11	55394	11	0.3	11	9.6	11	17.1	11	3.1	11
88	3	1595	11	51	11	1564	11	1558	11	1358	11	16913	11	0.4	11	9.9	11	12.4	11	8.2	11
89	3	2995	11	1408	11	2092	11	3223	11	10889	11	38590	11	1.2	11	6.6	11	10.5	11	3.6	11
90	3	6004	11	9002	11	835	11	7145	11	30772	11	85406	11	0.5	11	8.1	11	16.4	11	0.5	11
91	4	5333	11	4931	11	2232	11	6249	11	26074	11	74602	11	0.9	11	11.7	11	20.2	11	2.9	11
92	4	6219	11	8318	11	1053	11	7312	11	31172	11	84383	11	1.1	11	11.3	11	16.6	11	3.4	11
93	4	6198	13	8390	13	1211	11	7307	11	31167	11	87570	11	0.6	11	7.9	11	16.3	11	-0.6	11
94	4	3576	11	706	11	3127	11	3741	11	12928	11	45428	11	0.3	11	11.7	11	18.8	11	5.5	11
95	4	3105	11	776	11	2561	11	3238	11	10062	11	38832	11	1.5	11	14.4	11	21.3	11	8.5	11
96	4	4421	11	2817	11	2457	11	4852	11	19163	11	59679	11	3.4	11	11.2	11	16.4	11	6.1	11
97	4	5730	11	4994	11	2605	11	6440	11	27456	11	81404	11	1.8	11	8.7	11	13.8	11	3.7	11
98	4	4004	11	2905	11	2383	11	4331	11	16129	11	51111	11	0.5	11	5.8	11	10.9	11	0.8	11
99	4	4736	11	2156	11	3163	11	5084	11	20317	11	64906	11	1.1	11	6.6	11	15.2	11	-2.1	11
100	4	6195	11	7792	11	1740	11	7051	11	29724	11	81845	11	0.5	11	7.9	11	14.1	11	0.6	11
101	4	3570	11	1148	11	2911	11	3683	11	12980	11	42522	11	1.6	11	10.0	11	15.8	11	4.4	11
102	4	2315	11	73	11	2260	11	2308	11	5616	11	27881	11	1.5	11	10.2	11	14.9	11	4	11
103	4	3559	11	1189	11	2804	11	3703	11	13515	11	46579	11	0.5	11	5.5	11	11.3	11	1	11
104	4	4560	11	3222	11	2619	11	4883	11	19466	11	60462	11	0.4	11	5.9	11	11.1	11	0	11
105	4	6594	11	8215	11	1576	11	7352	11	31595	11	84718	11	0.5	11	7.9	11	17.8	11	-1	11
106	4	3781	11	2259	11	2568	11	4019	11	14642	11	44983	11	1.3	11	9.7	11	16.8	11	3.8	11
107	4	3739	11	1369	11	2680	11	3867	11	13593	11	45942	11	1.3	11	10.5	11	17.1	11	2.8	11
108	4	5601	11	5406	11	2156	11	6198	11	24938	11	69502	11	0.4	11	11.4	11	17.7	11	5.7	11
109	4	3252	11	1181	11	2600	11	3310	11	10600	11	40663	11	0.7	11	9.1	11	16.6	11	4.3	11
110	4	5284	11	5354	11	2261	11	5644	11	22357	11	63014	11	0.4	11	9.0	11	16	11	3.8	11
111	4	6989	11	9293	11	955	11	7756	11	32629	11	90934	11	0.7	11	12.4	11	23.8	11	0.9	11
112	4	5483	11	2987	11	3374	11	5870	11	23793	11	72073	11	1.1	11	13.8	11	19.1	11	8.9	11
113	4	4950	11	2834	11	3312	11	5188	11	20084	11	63710	11	0.6	11	10.9	11	16.2	11	4.8	11
114	4	4359	11	1792	11	3015	11	4546	11	17079	11	55615	11	0.9	11	9.4	11	15.7	11	6.2	11
115	4	2717	11	8	11	2681	11	2635	11	7106	11	31567	11	0.5	11	9.7	11	15	11	5.8	11
116	4	2174	11	28	11	2112	11	2078	11	4560	11	25299	11	0.7	11	9.9	11	12.9	11	6.4	11
117	4	6598	11	6483	11	2542	11	7086	11	29947	11	82356	11	1.0	11	8.5	11	13.9	11	1.8	11
118	4	7677	11	11290	11	698	11	8334	11	35988	11	94850	11	0.9	11	9.2	11	16.1	11	2.5	11
119	4	7251	23	9290	23	1420	11	7813	13	33012	11	89566	11	0.7	11	12.0	11	21.3	11	1.3	11
120	4	6844	11	8051	11	1454	11	7412	11	30614	11	80141	11	0.6	11	13.4	11	20.2	11	6.9	11
121	5	5879	11	5741	11	2506	11	6131	11	24785	11	71136	11	0.6	11	14.2	11	22.1	11	4	11
122	5	7149	11	8990	11	1110	11	7690	11	32127	11	84199	11	0.6	11	17.4	11	24.1	11	12.6	11
123	5	7540	23	11291	23	499	11	8059	13	32483	11	85899	11	0.6	11	19.9	11	30.6	11	9.7	11
124	5	6069	11	6724	11	1635	11	6433	11	24836	11	72901	11	0.6	11	20.7	11	31.6	11	12.5	11
125	5	3061	11	1688	11	2361	11	2928	11	-5921	11	35072	11	1.0	11	10.6	11	16.1	11	5.9	11
126	5	3306	11	68	11	3227	11	3260	11	-5915	11	40036	11	1.1	11	8.1	11	12.6	11	4	11
127	5	7656	13	10058	13	1481	11	8073	13	-5844	11	91844	11	0.8	11	10.1	11	19.2	11	-0.2	11
128	5	7849	11	10677	11	1005	11	8259	11	3238	11	92370	11	0.6	11	13.9	11	23.7	11	2.8	11
129	5	7842	11	10694	11	1100	11	8222	11	33964	11	90502	11	0.6	11	15.7	11	25.9	11	4.8	11
130	5	7509	11	9404	11	981	11	7958	11	33258	11	89867	11	0.9	11	17.1	11	26.4	11	6.7	11
131	5	4932	11	2523	11	3502	11	4873	11	18293	11	53255	11	1.1	11	11.9	11	20.1	11	6.1	11
132	5	5184	11	3368	11	2751	11	5314	11	20926	11	60431	11	0.7	11	8.4	11	14.2	11	4	11
133	5	5314	11	3140	11	3315	11	5388	11	21443	11	61727	11	0.6	11	8.3	11	13.5	11	3.5	11
134	5	7221	11	6979	11	1811	11	7685	11	33211	11	89722	11	0.9	11	10.1	11	16.2	11	5.3	11
135	5	7017	11	6774	11	1931	11	7390	11	31254	11	83691	11	0.8	11	12.0	11	18	11	6.9	11
136	5	3722	11	1705	11	2587	11	3741	11	12720	11	39297	11	0.7	11	9.2	11	15.8	11	6.2	11
137	5	7671	11	9104	11	1708	11	7856	11	33621	11	87280	11	0.7	11	9.9	11	16.6	11	2.8	11
138	5	8228	23	11941	23	558	23	8427	13	35950	11	93592	11	0.6	11	13.5	11	23.5	11	2.6	11
139	5	8230	11	12159	11	477	11	8394	11	35296	11	91406	11	0.7	11	17.1	11	26.7	11	6.3	11
140	5	8247	23	12058	23	545	23	8393	11	35235	11	91568	11	0.8	11	17.2	11	26.2	11	6.8	11
141	5	7885	11	9751	11	1468	11	8013	11	32654	11	88521	11	0.6	11	18.7	11	30.2	11	5.9	11
142	5	8195	11	11709	23	694	23	8317	11	33297	11	85410	11	0.6	11	22.4	11	33.7	11	10.1	11
143	5	8056	11	11129	11	888	11	8169	11	32602	11	84830	11	0.9	11	24.0	11	33.7	11	12.9	11
144	5	8295	11	11348	11	980	11	8457	11	35358	11	92044	11	1.2	11	17.3	11	24.4	11	9.1	11
145	5	8441	11	12368	11	535	11	8522	11	35727	11	92945	11	0.8	11	15.1	11	24.2	11	4.6	11
146	5	8398	11	11984	11	633	11	8506	11	34991	11	90786	11	0.7	11	17.7	11	27.1	11	6.4	11
147	5	8360	11	11952	11	609	11	8454	11	33530	11	87159	11	0.6	11	21.1	11	31.9	11	10.1	11
148	5	8304	11	11401	11	781	11	8397	11	33491	11	87557	11	0.8	11	22.5	11	32.1	11	12.3	11
149	5	7195	11	8031	11	1312	11	7364	11	29345	11	83805	11	0.6	11	21.2	11	31	11	12.7	11
150	5	3719	11	2255	11	2777	11	3448	11	10271	11	33409	11	0.6	11	16.9	11	21.1	11	12.3	11
151	5	7152	11	6804	11	1664	11	7457	11	30556	11	84559	11	0.7	11	18.2	11	25.1	11	12.4	11
152	6	7464	11	7449	11	1769	11	7772	11	31562	11	82355	11	0.7	11	19.0	11	24.9	11	14.3	11
153	6	8282	11	11068	11	905	11	8321	11	34533	11	91245	11	0.8	11	19.5	11	27.7	11	8.9	11
154	6	8209	11	11147	11	748	11	8243	11	34289	11	89362	11	1.0	11	19.4	11	27.2	11	12	11
155	6	7954	11	9235	11	1349	11	8105	11	34198	11	88928	11	1.1	11	16.0	11	21.4	11	9.7	11
156	6	8176	11	9660	11	1549	11	8232	11	34292	11	91231	11	0.7	11	17.6	11	27.9	11	6.8	11
157	6	7885	11	9055	11	1505	11	7948	11	32606	11	88274	11	0.8	11	20.8	11	29.4	11	10.1	11
158	6	4268	11	888	11	3564	11	4193	11	14271	11	48148	11	0.5	11	19.1	11	24.7	11	13	11
159	6	3638	11	1011	11	2816	11	3635	11	12433	11	41837	11	1.4	11	14.7	11	19.9	11	10.9	11
160	6	5710	11	3659	11	3202	11	5722	11	22445	11	66710	11	0.8	11	12.1	11	18.3	11	7.4	11
161	6	3529	11	1648	11	2538	11	3400	11	10983	11	40580	11	0.5	11	8.6	11	14.8	11	6.1	11
162	6	2140	11	10	11	2104	11	2059	11	4140	11	23136	11	0.5	11	8.9	11	12.5	11	5.5	11
163	6	3500	11	655	11	2888	11	3475	11	11325	11	41624	11	0.8	11	11.7	11	15.9	11	9.1	11
164	6	8575	11	10567	11	1221	11	8759	11	37777	11	98184	11	0.9	11	14.2	11	20.6	11	9	11
165	6	6440	11	4815	11	3587	11	6303	11	25138	11	74297	11	0.7	11	15.3	11	23.4	11	6	11
166	6	5093	11	1125	11	4081	11	5096	11	18967	11	59490	11	0.6	11	18.0	11	24.6	11	11.6	11
167	6	4954	11	1779	11	4069	11	4750	11	17105	11	52005	11	0.7	11	19.1	11	24.7	11	12.2	11
168	6	8279	11	11860	11	473	11	8236	11	34333	11	89984	11	0.6	11	20.3	11	27.9	11	9.9	11
169	6	8379	11	12158	11	436	11	8327	11	33654	11	88128	11	0.6	11	23.7	11	33.6	11	12.8	11
170	6	8234	11	11744	11	538	11	8182	11	32807	11	85853	11	0.9	11	25.5	11	34.3	11	15.5	11
171	6	8354	11	11770	11	608	11	8265	11	33718	11	89432	11	1.0	11	23.4	11	31.6	11	14.4	11
172	6	8349	11	11038	11	996	11	8267	11	34191	11	91023	11	0.9	11	21.1	11	29.2	11	12.5	11
173	6	8614	13	12410	13	484	11	8523	11	34369	11	89261	11	0.7	11	22.4	11	34.1	11	10.7	11
174	6	8648	11	12347	11	551	11	8557	11	33828	11	86852	11	0.6	11	24.9	11	36.7	11	11.8	11
175	6	8593	11	12256	11	543	11	8498	11	33090	11	85117	11	0.6	11	27.3	11	39.4	11	13.8	11
176	6	5168	11	5178	11	1842	11	5085	11	17336	11	56939	11	0.6	11	25.9	11	37.5	11	16.8	11
177	6	7238	11	9112	11	1320	11	7189	11	28403	11	81776	11	1.0	11	23.8	11	32	11	14.6	11
178	6	8397	11	11853	11	606	11	8335	11	34333	11	90345	11	0.8	11	21.4	11	30.3	11	12.2	11
179	6	8684	11	12388	11	542	11	8611	11	35235	11	93049	11	0.7	11	20.3	11	28.9	11	11.3	11
180	6	8612	11	12290	11	571	11	8525	11	34736	11	91568	11	0.7	11	20.8	11	30.4	11	9.1	11
181	6	8340	13	11396	13	761	13	8280	11	33699	11	88861	11	0.9	11	22.8	11	31.6	11	12	11
182	7	8453	11	11773	11	644	11	8408	11	34653	11	91162	11	1.0	11	21.4	11	29.1	11	13.3	11
183	7	8296	23	11602	23	657	11	8248	11	33607	11	88518	11	0.8	11	22.7	11	31.9	11	11.8	11
184	7	8279	11	11605	11	598	11	8241	11	33014	11	86968	11	0.7	11	24.0	11	33.3	11	12.9	11
185	7	8022	11	10067	11	1095	11	8012	11	31945	11	85462	11	0.7	11	25.1	11	34.1	11	14.7	11
186	7	7715	11	10600	11	894	11	7645	11	29646	11	78635	11	0.9	11	25.4	11	33.6	11	14.5	11
187	7	8431	11	12038	23	566	23	8394	11	32996	11	86374	11	0.7	11	25.7	11	36.7	11	13.2	11
188	7	8358	23	11776	23	638	11	8317	11	32926	11	86724	11	0.8	11	24.9	11	33.6	11	14	11
189	7	8354	23	11766	23	624	11	8331	11	32865	11	86622	11	0.8	11	24.5	11	34.7	11	12.5	11
190	7	8268	23	11636	23	638	11	8239	11	33109	11	87250	11	0.9	11	23.7	11	31.4	11	13.7	11
191	7	8262	23	11932	23	457	23	8240	11	33203	11	87063	11	0.9	11	23.0	11	31.7	11	14	11
192	7	8274	23	11832	23	557	11	8264	11	33223	11	87096	11	0.8	11	22.5	11	31.6	11	12.5	11
193	7	8209	23	11689	23	565	11	8214	11	32749	11	85733	11	0.7	11	23.3	11	32.5	11	12.1	11
194	7	8108	23	11396	23	650	11	8122	11	32416	11	85176	11	0.8	11	23.6	11	31.9	11	13.7	11
195	7	8075	23	11148	23	706	23	8123	11	32167	11	84771	11	0.8	11	24.6	11	33.9	11	13.9	11
196	7	8167	23	11481	23	619	11	8220	11	32763	11	85514	11	0.9	11	24.0	11	32	11	15.3	11
197	7	8222	23	11271	23	792	11	8282	11	33187	11	87177	11	0.9	11	21.6	11	30.2	11	12.7	11
198	7	8155	11	10980	11	926	11	8235	11	32737	11	86539	11	0.7	11	20.9	11	30.4	11	10	11
199	7	8071	11	11158	11	723	11	8156	11	32497	11	85862	11	0.8	11	21.8	11	30.3	11	11.2	11
200	7	7972	11	10895	11	806	11	8065	11	32401	11	84961	11	0.9	11	21.6	11	29.4	11	12.6	11
201	7	8015	11	11318	11	723	11	8068	11	32377	11	84219	11	0.9	11	21.4	11	29.2	11	12.1	11
202	7	7999	11	11388	23	630	23	8076	11	32311	11	84699	11	0.8	11	21.8	11	31.1	11	11.7	11
203	7	7995	23	11297	23	613	11	8081	11	31765	11	83609	11	0.7	11	23.8	11	34.6	11	11.6	11
204	7	6918	11	7829	11	1796	11	6955	11	26105	11	69038	11	0.7	11	25.3	11	34.7	11	16	11
205	7	7149	11	8511	11	1412	11	7276	11	27913	11	75259	11	0.7	11	25.4	11	34.7	11	16.1	11
206	7	6924	11	7041	11	1816	11	7170	11	27128	11	78476	11	0.6	11	27.1	11	34.9	11	19	11
207	7	5569	11	4780	11	2472	11	5640	11	20622	11	55291	11	0.8	11	25.3	11	33.7	11	18.6	11
208	7	7642	23	10476	23	765	23	7807	11	31425	11	82265	11	0.8	11	24.7	11	33.2	11	15.5	11
209	7	7604	23	10487	23	698	11	7773	11	31485	11	82866	11	0.9	11	23.7	11	31.8	11	14.7	11
210	7	7681	11	10762	11	661	11	7861	11	31529	11	82287	11	0.8	11	24.1	11	33.6	11	14.2	11
211	7	7568	23	10000	23	1000	11	7767	11	30778	11	81761	11	0.7	11	24.7	11	34.4	11	13.5	11
212	7	7263	11	8767	11	1400	11	7508	11	28969	11	77275	11	0.6	11	26.7	11	37.5	11	15.5	11
213	8	7344	11	9283	11	1090	11	7637	11	29127	11	77233	11	0.6	11	28.5	11	40.3	11	17	11
214	8	7269	11	8986	11	1275	11	7554	11	28626	11	76277	11	0.6	11	29.5	11	41.2	11	17.9	11
215	8	7148	11	8464	11	1402	11	7463	11	28119	11	75241	11	0.5	11	29.5	11	40.1	11	18.2	11
216	8	6485	11	5543	11	2641	11	6728	11	24946	11	66785	11	0.5	11	26.9	11	36.5	11	18.5	11
217	8	5167	11	3172	11	3234	11	5191	11	17947	11	55033	11	0.3	11	23.7	11	31.6	11	15.4	11
218	8	6663	11	6640	11	1686	11	7059	11	27227	11	79042	11	0.8	11	25.1	11	34.8	11	15.8	11
219	8	6360	11	4824	11	3099	11	6601	11	24432	11	67688	11	0.6	11	25.9	11	35.6	11	17.6	11
220	8	6314	11	5660	23	2091	23	6679	11	25254	11	74459	11	0.7	11	25.3	11	36.4	11	16.4	11
221	8	5888	11	4440	11	2639	11	6175	11	22617	11	68193	11	0.6	11	25.9	11	33.9	11	18.1	11
222	8	6834	11	6663	11	2137	11	7155	11	-5907	11	74947	11	0.9	11	26.0	11	35.4	11	18	11
223	8	6175	23	6837	23	1552	23	6640	11	-5854	11	71215	11	0.6	11	25.7	11	34.6	11	15.5	11
224	8	6836	23	8195	23	1394	11	7356	11	-5858	11	77239	11	0.9	11	24.5	11	32	11	15.8	11
225	8	6439	11	6645	11	2243	11	6779	11	-5915	11	71279	11	1.0	11	21.0	11	27.8	11	13.1	11
226	8	7172	11	8066	11	1831	11	7720	11	30218	11	76382	11	0.8	11	21.6	11	29	11	15.1	11
227	8	7241	11	9122	11	1442	11	7807	11	31211	11	81286	11	0.7	11	20.2	11	30.1	11	9.5	11
228	8	6887	11	8579	11	1215	11	7480	11	29074	11	78287	11	0.7	11	22.1	11	32.5	11	11.1	11
229	8	7044	23	9975	23	798	11	7656	11	29637	11	77150	11	0.7	11	23.7	11	34.1	11	13.1	11
230	8	6549	11	7149	11	1920	11	7090	11	26525	11	74642	11	0.6	11	22.4	11	32.4	11	12.2	11
231	8	6226	11	5918	11	2228	11	6741	11	25789	11	71893	11	0.7	11	20.3	11	28.7	11	11.1	11
232	8	5795	11	4884	11	2446	11	6271	11	23121	11	67786	11	0.5	11	20.7	11	30	11	11.1	11
233	8	5311	11	4717	11	2022	11	5774	11	20939	11	63086	11	0.3	11	20.3	11	28.6	11	12	11
234	8	4833	11	2456	11	3054	11	5178	11	17600	11	56218	11	0.4	11	21.7	11	29.9	11	13.1	11
235	8	4918	11	2796	11	2874	11	5335	11	18310	11	57864	11	0.5	11	23.9	11	31.2	11	17	11
236	8	4828	11	2136	11	3328	11	5113	11	17645	11	55992	11	0.7	11	19.9	11	26.2	11	14.1	11
237	8	6019	11	5863	11	1925	11	6680	11	25628	11	73199	11	0.5	11	19.7	11	28.6	11	11	11
238	8	6273	11	7214	11	1506	11	7036	11	26321	11	72695	11	0.5	11	23.0	11	34.7	11	13.2	11
239	8	5455	11	4274	11	2650	11	5988	11	21073	11	64610	11	0.4	11	23.6	11	33.9	11	13.8	11
240	8	4922	11	3041	11	2790	11	5356	11	17636	11	56434	11	0.3	11	23.8	11	34.2	11	14.7	11
241	8	5124	11	3806	11	2600	11	5614	11	19085	11	59128	11	0.4	11	23.9	11	33.7	11	14.5	11
242	8	4670	11	2794	11	2932	11	4984	11	16117	11	48249	11	0.5	11	20.5	11	28.7	11	13.2	11
243	8	6002	11	7031	11	1551	11	6740	11	24935	11	70256	11	0.4	11	20.4	11	31.1	11	10.3	11
244	9	6040	11	7354	11	1491	11	6830	11	24796	11	68789	11	0.4	11	23.9	11	37.1	11	12.4	11
245	9	5432	11	4934	11	2105	11	6110	11	21090	11	62455	11	0.3	11	25.2	11	36.4	11	15.3	11
246	9	4151	11	1938	11	2808	11	4477	11	12996	11	44318	11	0.2	11	23.6	11	33.6	11	16	11
247	9	4468	23	2379	23	2809	23	4875	11	15194	11	49578	11	0.1	11	23.5	11	33.5	11	15.4	11
248	9	4083	11	1770	11	2830	11	4437	11	13223	11	46030	11	0.3	11	24.2	11	32.2	11	15.8	11
249	9	2304	11	292	11	2061	11	2374	11	3656	11	22942	11	0.3	11	22.2	11	27.3	11	17.6	11
250	9	3586	11	1839	11	2302	11	3966	11	13179	11	45122	11	0.6	11	20.4	11	23.8	11	16.2	11
251	9	5281	23	5167	23	1856	23	6181	11	23712	11	68582	11	0.5	11	21.4	11	27.4	11	16.7	11
252	9	4394	11	3803	11	1981	11	4982	11	18192	11	52190	11	0.5	11	19.5	11	26.5	11	13.1	11
253	9	5696	23	7765	23	1160	23	6682	11	25877	11	71219	11	0.4	11	20.2	11	29.8	11	11.4	11
254	9	5612	23	7601	23	1113	23	6622	11	25099	11	69303	11	0.3	11	23.1	11	35.2	11	12.8	11
255	9	1417	11	36	11	1399	11	1345	11	-424	11	11765	11	0.1	11	20.5	11	26	11	16.6	11
256	9	5198	11	6469	11	1383	11	6030	11	22900	11	66258	11	0.6	11	20.4	11	29.3	11	11.9	11
257	9	5443	11	7303	11	1011	11	6365	11	25848	11	68898	11	0.7	11	16.5	11	23.6	11	9.9	11
258	9	5589	11	7822	11	1059	11	6559	11	25739	11	71488	11	0.5	11	14.9	11	24.5	11	6	11
259	9	3716	11	1849	11	2583	11	4058	11	13288	11	44669	11	0.4	11	15.5	11	23.7	11	8.5	11
260	9	3764	11	2088	11	2481	11	4222	11	14154	11	48429	11	0.4	11	15.5	11	22	11	8.4	11
261	9	2350	11	133	11	2246	11	2353	11	5401	11	27031	11	0.5	11	12.8	11	16.2	11	8.6	11
262	9	2807	11	703	11	2305	11	3025	11	8831	11	35176	11	0.3	11	11.9	11	15.7	11	8	11
263	9	1926	11	596	11	1583	11	1946	11	3115	11	20185	11	0.7	11	11.3	11	15.4	11	8	11
264	9	3799	11	2605	11	2331	11	4316	11	15571	11	52709	11	0.4	11	10.2	11	14.9	11	5.8	11
265	9	5774	11	8490	11	1045	11	6913	11	29103	11	77887	11	0.5	11	10.5	11	19.3	11	1.8	11
266	9	4459	11	4545	11	2219	11	5112	11	20390	11	55819	11	0.5	11	11.2	11	19.7	11	4	11
267	9	4932	11	7261	11	832	11	6168	11	24762	11	69627	11	0.5	11	12.8	11	22.4	11	4.1	11
268	9	5058	11	7371	11	1099	11	6175	11	24960	11	67954	11	0.5	11	14.9	11	23.6	11	6.3	11
269	9	5056	11	8732	11	379	11	6306	11	25205	11	69216	11	0.4	11	16.5	11	27.3	11	7.8	11
270	9	5177	23	8884	23	423	23	6434	11	24649	11	67842	11	0.8	11	19.8	11	30.4	11	9.9	11
271	9	4885	11	7721	11	742	11	6106	11	23140	11	66322	11	0.4	11	17.6	11	27.8	11	8	11
272	9	2658	11	1190	11	2128	11	2785	11	7763	11	28098	11	0.5	11	16.3	11	21.2	11	11.7	11
273	9	4868	11	7359	11	726	11	6135	11	24511	11	69276	11	1.2	11	15.0	11	20.1	11	11.3	11
274	10	3108	11	2366	11	1807	11	3539	11	11680	11	37061	11	0.7	11	11.7	11	16.5	11	8.1	11
275	10	4137	11	3850	11	2081	11	4814	11	18187	11	52470	11	0.6	11	9.8	11	15.2	11	5	11
276	10	4862	11	8740	11	400	11	6208	11	24208	11	68321	11	0.5	11	10.9	11	21.4	11	2.2	11
277	10	4747	11	8315	11	525	11	6057	11	23462	11	66782	11	0.4	11	11.2	11	21.8	11	1.8	11
278	10	4727	11	8452	11	447	11	6080	11	23497	11	66768	11	0.4	11	11.7	11	22.4	11	2.4	11
279	10	4564	11	7953	11	571	11	5899	11	22152	11	64748	11	0.4	11	12.7	11	24.3	11	3.8	11
280	10	4563	11	8104	11	442	11	5966	11	22593	11	65708	11	0.9	11	12.9	11	20.2	11	5.6	11
281	10	4582	23	7740	23	595	11	5981	11	23709	11	66447	11	0.6	11	11.1	11	18	11	4.9	11
282	10	4055	11	5122	11	1460	11	5128	11	18112	11	60626	11	2.3	11	15.0	11	22.7	11	4.1	11
283	10	2963	11	2052	11	1857	11	3618	11	10666	11	39313	11	0.7	11	10.9	11	18.2	11	3.9	11
284	10	3319	11	3726	11	1538	11	4135	11	13249	11	45124	11	0.7	11	8.1	11	13	11	2.3	11
285	10	3826	11	4500	11	1670	11	4891	11	16830	11	56461	11	0.4	11	7.7	11	14	11	-0.9	11
286	10	3121	11	2369	11	1788	11	3743	11	12593	11	42760	11	0.8	11	10.4	11	16	11	4.8	11
287	10	4315	23	8340	23	322	11	5818	23	22600	11	65365	11	1.2	11	9.7	11	19.6	11	0.3	11
288	10	3850	11	5678	11	1128	11	5076	11	18880	11	55003	11	0.7	11	12.3	11	22.6	11	4.8	11
289	10	3955	11	6756	11	684	11	5356	11	19275	11	58604	11	0.2	11	11.6	11	22.3	11	2.5	11
290	10	3787	11	6236	11	710	11	5068	11	19124	11	55419	11	0.3	11	12.0	11	23.3	11	3.6	11
291	10	3837	11	6468	11	771	11	5194	11	18694	11	57297	11	0.3	11	11.6	11	22.7	11	3.4	11
292	10	2797	11	2283	11	1479	11	3412	11	10635	11	39882	11	0.8	11	9.8	11	22	11	4.8	11
293	10	2121	11	661	11	1837	11	2307	11	5752	11	26828	11	0.3	11	6.8	11	10.5	11	3.5	11
294	10	1301	11	32	11	1276	11	1311	11	111	11	13418	11	0.3	11	7.6	11	10.8	11	4.3	11
295	10	1934	11	296	11	1815	11	2069	11	4267	11	22618	11	0.3	11	13.0	11	18	11	7.1	11
296	10	3711	11	7836	11	297	11	5178	11	19815	11	57865	11	0.3	11	12.4	11	19.5	11	6.5	11
297	10	-999	99	-999	99	-999	99	5307	68	19282	68	56249	68	1.6	68	20.3	68	28.4	68	9.1	68
298	10	3907	11	8335	11	306	11	5391	11	19574	11	57301	11	0.4	11	13.6	11	23.9	11	6.8	11
299	10	3760	11	7975	11	317	11	5253	11	19076	11	55926	11	0.3	11	12.7	11	23.3	11	5.4	11
300	10	3716	11	7786	23	345	23	5203	11	18546	11	55009	11	0.2	11	13.5	11	24.4	11	6.2	11
301	10	3672	11	7753	11	365	11	5146	11	18072	11	54433	11	0.3	11	13.5	11	23.9	11	6.4	11
302	10	3674	13	7752	13	355	11	5203	11	18359	11	54426	11	0.1	11	12.3	11	22.4	11	5.2	11
303	10	3371	11	6061	11	723	11	4625	11	16181	11	49831	11	0.5	11	12.0	11	18.7	11	6.3	11
304	10	3573	11	7644	11	375	11	5071	11	18271	11	54506	11	0.5	11	10.6	11	18.4	11	4.7	11
305	11	3478	11	7666	11	299	11	4984	11	17693	11	53372	11	0.2	11	9.1	11	18.9	11	1.4	11
306	11	1379	11	4	11	1370	11	1309	11	-84	11	13369	11	0.3	11	7.8	11	11.7	11	3.3	11
307	11	972	11	2	11	953	11	903	11	-2022	11	8761	11	0.4	11	5.9	11	7.8	11	3.6	11
308	11	1759	11	335	11	1597	11	1886	11	3529	11	22041	11	0.2	11	4.2	11	6.7	11	2.2	11
309	11	1446	11	292	11	1318	11	1475	11	1277	11	16746	11	0.3	11	4.6	11	9.1	11	1.7	11
310	11	2860	11	4717	11	806	11	3932	11	13602	11	43090	11	0.2	11	4.7	11	9.5	11	-0.2	11
311	11	-999	99	-999	99	-999	99	-999	99	-999	99	-999	99	-99.9	99	-99.9	99	-99.9	99	-99.9	99
312	11	-999	99	-999	99	-999	99	-999	99	-999	99	-999	99	-99.9	99	-99.9	99	-99.9	99	-99.9	99
313	11	-999	99	-999	99	-999	99	-999	99	-999	99	-999	99	-99.9	99	-99.9	99	-99.9	99	-99.9	99
314	11	-999	99	-999	99	-999	99	-999	99	-999	99	-999	99	-99.9	99	-99.9	99	-99.9	99	-99.9	99
315	11	2310	11	3335	11	957	11	3107	11	9622	11	36714	11	0.1	11	6.9	11	13.2	11	1.4	11
316	11	2213	11	2904	11	1043	11	2879	11	8017	11	31686	11	1.6	11	10.3	11	15.6	11	5.3	11
317	11	1493	11	612	11	1197	11	1653	11	2290	11	19454	11	0.7	11	8.3	11	11.7	11	4.9	11
318	11	3036	11	7233	11	358	11	4514	11	16442	11	51401	11	0.2	11	4.9	11	11.6	11	0.1	11
319	11	1213	11	52	11	1181	11	1229	11	-267	11	13302	11	1.5	11	8.1	11	12.4	11	0.5	11
320	11	-999	99	-999	99	-999	99	-999	99	-999	99	-999	99	0.1	67	6.0	67	8.3	67	3.7	67
321	11	-999	99	-999	99	-999	99	-999	99	-999	99	-999	99	-99.9	99	-99.9	99	-99.9	99	-99.9	99
322	11	-999	99	-999	99	-999	99	-999	99	-999	99	-999	99	-99.9	99	-99.9	99	-99.9	99	-99.9	99
323	11	1088	11	54	11	1054	11	1073	11	-1008	11	11633	11	0.1	11	-0.3	11	3.5	11	-3.8	11
324	11	717	11	1	11	709	11	694	11	-3235	11	5623	11	1.5	11	10.9	11	13.3	11	2.8	11
325	11	1880	11	1359	11	1324	11	2268	11	5273	11	26502	11	1.5	11	16.0	11	20.7	11	8.7	11
326	11	1489	11	1502	11	964	11	1860	11	2287	11	19185	11	1.6	11	19.0	11	23.4	11	13.7	11
327	11	1974	11	2709	11	878	11	2607	11	6544	11	29640	11	0.7	11	15.5	11	21.8	11	11.2	11
328	11	2167	11	3336	11	961	11	3022	11	8865	11	34262	11	0.2	11	7.9	11	11.7	11	3.0	11
329	11	1730	11	2086	11	1022	11	2217	11	4090	11	24418	11	1.3	11	9.9	11	18.1	11	2.0	11
330	11	960	11	186	11	872	11	981	11	-1581	11	9981	11	1.3	11	12.0	11	17.2	11	5.8	11
331	11	1940	11	2771	11	918	11	2593	11	6739	11	29620	11	0.2	11	5.9	11	10.3	11	1.1	11
332	11	550	11	0	11	546	11	502	11	-4230	11	3371	11	0.1	11	2.5	11	4.9	11	-0.6	11
333	11	1545	11	807	11	1219	11	1778	11	2907	11	20480	11	0.1	11	3.0	11	6.6	11	-0.4	11
334	11	735	11	2	11	729	11	695	11	-3293	11	6072	11	0.1	11	1.7	11	4.4	11	-0.3	11
335	12	1122	11	21	11	1109	11	1100	11	-907	11	11660	11	0.0	11	1.0	11	4	11	-1.8	11
336	12	-999	99	-999	99	-999	99	-999	99	-999	99	-999	99	0.0	64	1.2	64	4	64	-0.2	64
337	12	-999	99	-999	99	-999	99	-999	99	-999	99	-999	99	-99.9	99	-99.9	99	-99.9	99	-99.9	99
338	12	-999	99	-999	99	-999	99	-999	99	-999	99	-999	99	-99.9	99	-99.9	99	-99.9	99	-99.9	99
339	12	-999	99	-999	99	-999	99	-999	99	-999	99	-999	99	-99.9	99	-99.9	99	-99.9	99	-99.9	99
340	12	2468	11	6754	11	272	11	3974	11	12612	11	43661	11	3.9	11	12.3	11	15.5	11	8.9	11
341	12	2536	11	7119	11	228	11	4122	11	13575	11	44720	11	2.2	11	11.8	11	17.6	11	3.8	11
342	12	2200	11	5005	11	529	11	3425	11	10648	11	38371	11	0.2	11	4.1	11	10.7	11	-0.4	11
343	12	2376	11	5889	11	468	11	3736	11	11973	11	41706	11	0.2	11	2.0	11	9.9	11	-2.8	11
344	12	2444	13	6893	13	240	11	3943	23	13127	11	44083	11	0.3	11	2.1	11	9.8	11	-3.6	11
345	12	2303	11	5713	11	409	11	3606	11	11704	11	40868	11	0.2	11	1.8	11	10.3	11	-3.7	11
346	12	1976	11	3501	11	831	11	2863	11	7760	11	31859	11	0.1	11	0.5	11	6.8	11	-4.2	11
347	12	1999	11	4022	11	659	11	3035	11	8573	11	34086	11	0.1	11	1.6	11	11.7	11	-3.3	11
348	12	2116	11	4570	11	645	11	3184	11	9418	11	35730	11	0.2	11	2.8	11	10.5	11	-2.7	11
349	12	855	11	48	11	836	11	858	11	-2298	11	8630	11	0.2	11	2.4	11	6.6	11	-1.2	11
350	12	2155	11	5696	11	369	11	3470	11	11003	11	39367	11	0.3	11	2.3	11	6.8	11	-2.2	11
351	12	1670	11	2348	11	1027	11	2249	11	4937	11	25294	11	0.1	11	0.5	11	7.4	11	-3.9	11
352	12	2164	11	5114	11	478	11	3380	11	10503	11	38452	11	0.1	11	1.6	11	9.6	11	-3.3	11
353	12	1173	11	1107	11	834	11	1427	11	805	11	12610	11	0.6	11	4.4	11	14	11	0.2	11
354	12	1169	11	474	11	999	11	1329	11	298	11	12679	11	0.2	11	2.6	11	5.5	11	0.1	11
355	12	2393	23	6676	23	309	23	3721	23	12412	11	37096	11	0.5	11	0.9	11	7.8	11	-4.6	11
356	12	911	11	17	11	902	11	891	11	-2071	11	7106	11	0.0	11	0.9	11	4.5	11	-2.2	11
357	12	1723	11	1975	11	1042	11	2355	11	5791	11	23750	11	0.1	11	2.8	11	7.8	11	-0.9	11
358	12	710	11	1	11	706	11	679	11	-3309	11	4817	11	0.1	11	4.1	11	7.7	11	1.5	11
359	12	761	11	1	11	757	11	698	11	-3026	11	5035	11	0.0	11	5.0	11	7.6	11	1.2	11
360	12	1575	11	1489	11	1086	11	1994	11	3504	11	19402	11	0.1	11	2.9	11	7.2	11	0.2	11
361	12	1573	11	1901	11	931	11	2126	11	3992	11	20432	11	0.2	11	4.7	11	9	11	0.1	11
362	12	1423	11	630	11	1166	11	1682	11	2079	11	16344	11	0.1	11	4.4	11	8.8	11	1.3	11
363	12	1382	11	1441	11	944	11	1745	11	1892	11	15414	11	0.1	11	2.3	11	6.9	11	-1.4	11
364	12	601	11	1	11	594	11	559	11	-3849	11	3492	11	0.0	11	6.5	11	9.2	11	4.2	11
365	12	1619	11	1481	11	1117	11	2062	11	4089	11	20332	11	0.1	11	4.4	11	8.4	11	1.4	11
